 55 56 55 45 58 45 29 24 29 49 40 40 57 41 41 37 29 37 12 10 12 4 5 5 100 88
 36 35 35 19 5 19 2 4 4 30 33 33 7 2 2 53 54 53 39 25 39 37 35 35 56 51 56 10 7 7 57 48 48 20 24 20 15 2 15 6 15 15 57 52 52 30 22 22 30 31 30 33 29 33 55 58 55 0 11 0 45 25
 23 31 31 59 57 59 57 41 41 25 34 25 16 7 7 12 17 17 18 4 4 28 31 31 45 40 45 37 25 37 9 11 11 54 49 54 57 40 57 56 51 51 53 55 55 17 16 17 35 39 39 28 26 26 38 29 29 1 8 1 60 90
 42 49 49 11 12 11 51 57 51 33 20 20 46 57 57 26 29 29 41 45 45 42 44 44 27 37 37 20 37 37 56 45 45 5 6 5 8 11 11 58 43 43 41 42 42 23 21 23 56 53 56 19 13 19 35 32 32 48 40 40 65 75
 20 21 20 35 20 20 8 18 18 50 43 50 49 59 59 28 21 21 15 5 5 1 5 1 42 57 57 5 3 3 6 10 10 54 43 54 3 4 4 48 45 45 27 37 37 43 40 40 37 29 37 18 15 15 3 18 3 1 14 1 70 85
 16 11 11 100 100
 37 39 37 38 25 25 59 40 40 27 28 27 0 12 0 52 45 45 18 17 17 11 4 11 5 12 5 16 12 12 41 47 41 37 25 25 44 58 44 17 3 17 22 31 31 54 51 51 27 37 37 39 33 39 21 37 37 24 22 24 70 75
 27 32 27 21 24 24 15 12 12 20 33 20 1 15 1 25 24 25 54 59 54 0 14 0 30 28 30 53 58 58 57 43 57 28 29 29 21 22 21 29 32 29 29 37 29 0 4 0 35 33 35 9 19 9 38 31 31 58 84
 26 39 39 30 21 30 15 11 11 51 41 51 30 20 30 22 33 22 55 45 45 58 42 58 19 5 5 36 34 36 49 57 57 51 55 51 19 14 19 16 15 16 24 22 24 38 27 38 57 56 57 21 39 39 51 55 51 40 51 51 65 90
 17 15 15 7 16 7 38 34 38 23 32 23 3 17 3 6 14 6 55 53 55 28 25 25 36 20 20 56 59 59 47 43 47 9 19 9 32 29 29 31 34 31 48 42 42 59 49 59 34 31 31 43 48 43 52 45 45 3 9 9 55 90
 26 25 25 17 7 7 35 25 25 24 31 31 23 34 23 29 27 29 58 56 58 53 46 46 56 45 45 8 2 2 21 31 31 51 55 51 19 11 11 27 37 37 25 29 25 32 27 32 7 2 7 41 56 41 35 38 38 31 26 31 75 100
 17 19 19 55 58 55 26 28 28 27 33 33 54 46 46 40 50 40 47 52 52 5 14 14 13 4 4 18 1 18 54 43 43 0 9 0 23 33 33 28 21 28 10 4 4 47 52 52 18 7 18 1 19 19 56 47 56 59 47 47 35 15
 37 27 37 22 39 39 56 41 41 58 56 58 34 38 38 10 8 10 52 43 43 4 14 4 49 55 55 41 45 41 11 18 11 26 39 39 36 30 30 85 92
 38 32 32 59 44 59 58 44 58 12 5 12 20 35 35 13 19 19 12 17 17 49 56 56 9 6 9 20 35 20 8 4 4 1 0 0 2 10 10 58 45 45 36 24 24 16 5 5 1 10 10 50 52 50 42 43 43 53 68
 15 3 3 38 36 38 18 2 2 56 45 45 46 59 46 4 2 4 19 7 19 53 44 44 23 22 22 34 20 20 45 57 45 9 11 11 34 23 23 11 10 11 29 31 29 13 9 9 1 6 1 44 57 57 46 58 58 12 15 15 50 75
 2 18 18 17 4 17 5 4 5 3 14 3 9 0 9 23 39 39 3 6 3 52 51 51 27 28 28 57 52 57 18 8 18 14 2 14 7 2 7 50 41 41 48 40 40 48 40 40 0 2 0 23 22 22 46 42 46 68 84
 30 32 30 34 23 23 43 53 43 59 57 57 48 45 45 31 25 25 4 9 9 16 5 5 32 36 32 57 50 50 53 44 44 23 22 22 1 12 1 34 30 30 9 3 9 24 39 39 52 40 40 3 7 7 7 0 0 21 27 21 85 90
 21 30 30 40 52 40 46 57 57 59 55 59 12 11 11 8 4 4 2 0 0 53 43 43 2 15 2 1 5 1 12 5 5 3 10 10 33 27 27 8 6 6 20 34 20 7 0 0 26 25 25 13 3 3 5 6 5 55 52 55 70 85
 20 38 38 32 38 38 13 0 0 49 48 48 18 14 18 7 14 7 13 3 3 27 37 37 58 53 53 0 3 3 47 56 47 51 40 51 32 39 39 56 58 58 54 46 46 32 27 27 12 17 17 59 46 46 26 29 29 44 48 44 55 60
 46 50 50 28 39 39 20 25 25 9 18 9 59 56 59 19 3 19 13 9 9 39 32 39 4 0 0 20 27 27 43 41 41 33 22 22 48 51 51 32 31 31 49 47 47 4 17 17 43 42 43 4 17 17 0 14 0 18 9 9 70 90
 30 38 30 16 11 11 10 11 11 42 44 44 32 29 29 46 43 43 42 48 48 48 56 48 30 21 30 55 52 55 22 33 22 17 1 17 44 46 44 27 33 27 33 27 27 44 46 44 6 18 18 31 39 31 50 59 50 56 42 56 75 85
 46 58 46 11 7 11 22 34 22 34 31 31 52 54 54 51 58 51 16 8 16 52 48 48 7 5 5 16 14 16 39 20 39 46 42 46 20 36 36 9 17 9 39 34 39 22 26 22 31 29 31 52 40 40 55 52 52 46 43 46 50 65 114
 33 20 20 28 20 20 53 44 44 33 39 39 28 27 28 43 47 47 38 39 38 0 11 11 16 8 16 27 24 24 45 46 45 23 29 29 12 6 12 15 0 0 47 44 47 35 20 20 12 4 12 11 14 11 2 0 0 19 13 19 70 90 194
 50 53 50 44 58 44 21 25 25 26 28 26 4 19 19 4 16 4 19 5 5 5 1 1 20 29 29 19 16 19 48 55 55 49 51 51 14 5 5 43 58 43 12 4 12 12 16 12 2 14 2 36 27 36 23 21 23 43 45 45 60 85 117
 43 41 41 17 4 4 58 48 58 11 5 5 0 8 0 23 25 25 33 39 39 29 25 25 3 7 7 21 25 25 36 21 21 1 6 1 3 7 7 26 35 35 53 46 46 33 31 31 45 57 45 25 32 25 39 26 39 8 9 9 80 85 243
 20 33 20 17 14 17 15 5 5 30 24 30 57 53 57 31 33 31 30 31 31 38 31 31 21 26 21 14 1 1 50 57 50 53 42 53 23 24 24 48 52 52 32 39 39 33 38 38 44 52 44 12 9 9 7 3 7 14 19 19 80 90 390
 NaN NaN 11
 26 23 23 6 2 2 45 47 45 39 38 39 8 5 5 57 40 40 6 12 12 55 53 55 22 30 22 6 12 12 0 13 0 54 56 54 21 31 31 32 33 32 48 51 51 19 7 7 9 12 9 54 59 54 41 50 50 29 31 29 80 85 205
 37 36 37 29 28 29 52 46 46 54 46 54 44 58 44 10 4 10 13 7 7 19 16 19 30 25 25 51 54 51 40 57 57 12 10 12 14 15 15 41 54 54 56 59 59 47 57 47 53 41 41 42 43 43 1 4 1 8 14 8 60 85 269
 22 39 22 49 45 45 6 3 3 52 41 41 2 12 12 37 38 37 24 26 24 48 50 50 34 24 24 51 57 51 38 35 38 57 46 57 46 41 41 40 41 41 35 25 25 47 51 51 30 20 30 52 44 44 43 44 44 7 10 7 70 95 171
 19 10 10 53 44 44 7 15 7 54 59 54 50 57 57 22 24 22 9 14 9 41 56 41 51 47 51 29 20 29 52 54 54 23 34 23 25 30 25 25 39 25 57 50 50 25 23 25 26 25 25 58 59 59 56 59 59 49 47 49 70 90 202
 54 51 51 0 100 221
 19 1 1 11 3 11 0 15 15 40 50 50 42 57 57 40 53 40 50 83 195
 54 44 54 6 10 10 38 26 38 0 16 0 52 50 50 16 14 16 6 7 7 6 4 4 18 8 18 21 32 21 43 51 51 58 50 50 44 50 50 43 45 45 51 59 51 46 48 48 52 49 49 34 33 33 33 35 35 9 17 9 65 85 217
 21 24 21 56 41 41 37 33 37 48 52 52 26 24 24 26 31 31 51 46 51 31 34 31 56 44 44 48 51 51 38 21 38 25 37 25 24 32 24 1 3 1 8 16 16 1 0 1 10 11 11 54 41 54 3 2 3 39 25 25 80 75 486
 NaN NaN 19
 30 39 39 42 52 42 41 49 41 53 56 56 28 24 24 39 27 39 44 42 44 59 58 58 41 58 41 51 41 51 28 25 25 16 5 5 48 47 47 29 33 29 23 30 30 17 13 17 28 38 38 19 17 17 40 57 57 19 1 1 70 85 289
 43 50 50 18 10 18 50 48 50 17 12 17 14 8 8 19 5 19 58 50 58 22 30 30 16 5 5 39 34 34 35 34 35 36 29 29 7 18 7 32 22 32 7 8 7 30 25 30 35 30 35 46 43 46 7 19 19 13 7 7 50 40 329
 53 51 51 4 2 2 15 19 19 48 50 50 36 26 36 9 5 9 35 36 36 27 28 27 35 33 35 10 16 10 41 52 41 13 17 17 16 17 17 8 12 12 4 8 4 1 7 1 27 35 35 4 6 4 57 43 57 58 44 44 70 85 392
 46 47 47 0 100 125
 9 12 9 100 100 82
 45 59 45 4 16 4 13 4 4 52 41 41 18 5 5 25 34 25 12 1 1 39 28 39 26 21 21 9 18 9 8 11 11 38 35 38 2 9 9 29 32 29 35 24 24 26 23 23 33 26 26 7 13 7 22 21 21 19 12 12 55 95 464
 51 47 51 11 1 11 39 31 31 38 35 38 2 14 2 42 53 53 40 42 40 40 57 57 7 3 7 59 44 44 12 18 12 58 43 58 45 56 45 44 42 44 48 47 47 7 14 7 25 24 25 39 33 39 37 20 37 30 26 30 70 90 104
 17 5 5 30 21 30 8 9 9 43 57 57 2 18 18 27 39 39 53 41 41 16 5 5 26 36 26 3 0 0 57 43 57 48 51 51 26 21 21 51 49 51 11 13 11 51 59 51 57 51 51 13 11 11 13 18 13 44 42 44 65 95 543
 41 51 51 5 14 5 35 27 27 7 17 7 52 58 58 47 46 47 36 31 31 7 0 7 20 38 38 57 53 57 54 47 47 43 51 51 34 36 36 24 35 24 7 10 10 27 29 29 46 45 45 28 26 26 9 4 9 42 89 259
 9 16 9 31 34 31 57 41 41 29 36 29 13 6 13 12 13 13 42 51 51 9 7 9 16 15 15 34 38 38 57 42 57 10 1 1 19 1 1 21 32 21 16 9 9 45 46 45 55 59 55 10 18 10 33 23 23 23 21 23 65 80 166
 53 41 41 42 59 42 11 5 11 11 5 11 46 57 57 2 17 17 35 38 38 23 28 23 37 20 37 27 28 27 8 7 7 47 55 47 7 17 7 48 59 59 13 0 0 35 33 35 39 26 39 5 18 5 9 6 9 56 59 59 50 95 122
 54 59 54 13 16 13 33 22 22 11 7 11 19 0 19 26 23 23 23 21 21 28 37 37 57 43 57 44 52 44 14 1 1 45 51 51 54 59 54 54 46 54 22 32 22 7 16 7 42 54 54 38 22 38 20 24 20 41 59 41 85 90 121
 57 59 59 53 50 53 45 44 45 26 29 29 31 22 31 52 58 58 31 26 31 2 9 9 37 34 37 7 19 7 16 5 5 44 56 44 29 30 30 48 51 51 4 11 11 19 5 5 24 22 24 3 4 3 18 15 18 58 74 409
 42 53 53 58 42 42 54 57 54 40 52 52 38 28 28 9 4 9 34 27 34 20 26 20 35 25 25 46 45 45 51 49 51 7 11 11 41 58 41 13 3 13 47 48 47 32 26 26 75 56 122
 20 26 26 38 37 37 53 59 59 12 13 13 45 57 45 28 26 26 34 31 31 35 29 29 43 46 46 14 19 19 52 57 57 37 33 37 7 3 7 31 30 31 13 10 10 40 80 324
 NaN NaN 25
 37 22 37 53 44 44 5 11 11 17 19 17 18 8 8 29 24 29 44 51 51 35 20 35 55 41 55 43 47 47 51 41 51 10 5 10 9 11 9 12 10 10 45 40 45 50 40 50 29 34 29 37 24 37 11 17 11 33 35 35 50 80 157
 50 51 51 21 20 20 35 21 21 41 40 41 40 48 40 55 41 55 36 35 35 31 33 31 54 57 54 18 7 7 26 35 35 31 39 31 56 42 56 8 14 8 15 9 9 45 50 50 53 51 51 0 4 0 16 14 16 59 42 59 85 60 271
 36 31 31 5 7 7 49 47 47 31 23 31 14 6 6 41 54 54 59 51 51 52 56 52 28 23 23 4 10 10 3 10 10 25 21 25 21 33 21 53 46 46 0 4 0 42 47 47 39 31 31 21 36 21 22 25 25 35 23 23 70 90 446
 21 39 39 53 58 58 33 28 28 43 48 43 40 54 54 6 16 16 34 22 22 11 15 11 21 24 24 58 54 54 44 51 51 14 6 14 12 18 18 35 27 27 52 50 50 51 56 51 1 19 1 53 47 47 27 20 20 31 21 31 70 95 587
 42 41 41 10 6 10 25 29 25 27 28 27 16 7 7 27 29 29 45 44 45 42 40 40 11 15 11 59 41 41 5 15 5 40 58 40 10 7 7 13 0 0 3 10 10 24 27 27 14 19 19 18 3 3 27 32 27 40 45 45 65 85 218
 16 19 19 12 4 4 50 42 42 10 18 10 12 14 12 32 22 32 33 37 33 17 4 17 40 48 40 7 5 5 47 56 47 53 46 53 17 19 17 22 32 22 2 12 12 52 41 52 21 24 21 3 7 7 53 56 53 56 44 44 65 60 517
 12 11 11 42 58 42 22 35 35 13 15 15 11 9 11 47 57 47 29 24 29 22 31 31 6 14 6 24 35 35 4 17 4 12 16 16 23 22 23 43 45 45 55 58 55 46 43 46 20 24 20 26 35 35 14 16 16 17 5 5 55 45 201
 4 8 4 35 34 34 10 0 0 57 46 57 59 49 49 37 31 37 16 6 6 0 2 0 14 9 9 29 28 29 18 6 18 33 28 28 28 22 22 3 16 3 31 26 31 54 57 57 16 6 16 18 3 18 56 55 55 1 18 1 65 75 340
 14 3 3 5 0 0 9 17 9 17 9 9 21 39 39 42 43 43 20 38 38 56 48 56 6 13 13 43 57 57 33 20 20 54 57 54 19 18 19 25 21 25 26 30 30 47 41 47 5 19 5 58 45 45 19 2 19 13 6 13 55 90 311
 48 47 47 52 53 53 11 17 11 47 56 47 55 50 50 57 49 57 3 16 3 44 41 41 10 0 0 31 21 31 0 13 0 6 0 0 6 11 11 21 24 24 6 5 5 45 52 45 33 28 28 1 5 5 26 33 26 28 31 31 45 90 1067
 19 3 19 0 4 4 52 56 56 52 41 41 48 54 48 55 54 54 57 41 41 11 12 12 26 31 31 32 29 29 18 5 5 26 27 27 51 50 50 30 36 30 13 19 19 44 56 44 53 58 58 6 3 3 9 8 9 33 23 23 60 70 548
 17 1 1 43 50 50 36 22 22 12 3 12 52 47 47 2 10 10 28 36 36 20 35 20 19 12 12 2 1 1 21 24 24 37 34 37 58 57 57 36 32 36 26 37 37 58 48 58 18 15 15 18 14 18 43 54 54 59 56 59 60 95 283
 34 25 25 49 56 49 21 23 21 6 5 5 17 5 17 3 7 7 1 8 1 49 41 41 57 58 58 11 3 11 57 41 41 39 35 39 7 16 7 9 18 9 8 11 11 37 27 37 4 1 1 29 38 29 50 47 50 55 41 41 80 90 393
 6 13 6 45 58 58 30 21 21 23 22 22 41 42 41 8 17 8 4 16 16 59 56 56 53 46 46 58 45 45 14 0 14 11 4 4 46 56 56 25 22 25 7 18 18 37 38 38 32 30 30 3 1 1 19 9 19 56 43 56 30 35 231
 21 37 37 58 44 44 47 43 47 56 48 56 4 12 12 7 15 7 3 12 3 46 44 46 29 28 29 5 8 5 7 6 7 33 31 31 33 29 29 30 26 30 36 28 28 2 16 16 47 56 47 27 29 29 21 27 21 13 9 9 60 75 143
 34 36 36 44 59 44 22 32 22 42 57 57 34 38 38 34 32 32 40 45 45 53 57 57 20 22 22 40 47 47 41 55 41 34 37 37 40 52 40 52 56 56 41 43 41 34 33 34 2 7 7 6 7 7 35 37 37 58 45 45 55 95 1000
 42 54 54 3 1 1 6 12 12 42 44 44 43 41 43 5 18 5 29 39 29 32 21 21 54 58 54 14 2 2 43 44 44 2 9 9 43 50 50 7 9 9 52 56 52 3 0 0 54 42 54 4 10 10 56 43 43 13 3 3 70 90 126
 40 45 45 22 31 22 12 16 12 54 41 54 11 6 11 7 19 19 23 24 24 18 1 1 29 28 29 43 59 43 57 45 45 44 56 44 41 51 51 55 48 55 31 30 30 20 39 39 29 33 29 15 6 15 2 14 2 38 36 38 65 70 824
 14 3 14 12 18 18 42 40 42 47 42 47 48 46 46 6 16 6 0 6 0 52 45 45 20 32 20 14 13 13 3 18 18 35 36 35 10 15 10 10 1 1 18 7 7 23 39 39 49 59 59 33 23 23 4 17 4 10 13 10 55 60 211
 52 45 45 51 42 51 32 36 36 42 53 42 31 30 30 39 32 32 37 29 37 41 52 41 22 20 22 34 23 34 13 4 4 46 56 56 26 37 26 28 38 28 31 36 36 18 17 18 49 43 49 52 58 58 21 23 21 58 49 49 50 50 306
 34 38 38 57 40 57 48 55 55 23 21 21 32 39 39 33 36 36 29 25 25 4 2 4 49 52 49 16 6 16 32 34 32 55 54 54 52 44 44 43 49 43 46 44 44 57 51 51 53 49 49 23 27 23 27 35 35 11 0 11 70 95 288
 NaN NaN 35
 6 5 5 44 59 44 35 26 35 6 16 16 34 36 36 14 3 3 0 4 0 28 39 39 18 3 3 55 59 55 54 53 54 29 35 29 51 49 51 26 20 20 17 8 17 19 12 12 13 14 13 3 6 3 49 56 49 51 40 51 75 90 333
 54 51 54 0 14 0 29 32 29 67 67 313
 27 23 27 26 25 25 11 13 11 27 35 27 6 8 6 23 30 30 33 20 20 18 10 10 16 7 7 22 36 22 20 33 20 36 20 20 36 25 25 9 11 9 30 38 30 4 16 4 37 33 37 54 41 54 38 37 37 56 54 54 80 85 70
 45 56 45 35 38 38 25 31 25 6 10 10 22 36 22 19 5 5 21 24 24 58 52 58 7 17 7 51 41 51 14 0 0 17 5 5 43 59 59 15 2 15 41 42 41 4 3 4 28 35 35 48 44 44 53 48 48 59 43 59 60 90 766
 42 52 42 58 46 46 20 28 20 39 33 39 37 31 31 59 52 59 9 4 9 14 15 15 26 23 23 53 41 41 45 56 45 23 29 29 55 47 47 7 12 7 41 49 41 40 57 57 6 13 13 50 44 50 7 6 7 31 36 31 75 90 547
 9 18 9 44 46 44 38 30 38 58 43 43 58 50 50 17 9 9 3 11 11 32 31 31 39 28 39 53 57 57 10 5 5 28 32 32 11 2 11 52 53 52 36 32 32 46 54 54 40 58 40 37 35 37 53 49 53 74 63 518
 45 58 58 2 7 7 6 14 14 54 43 54 23 32 32 42 49 49 47 56 47 55 43 43 37 39 39 52 58 58 25 22 22 24 30 30 42 46 46 36 20 20 31 22 22 43 55 55 50 57 50 24 32 32 15 3 3 40 41 41 50 55 423
 51 40 51 0 15 0 10 9 9 56 48 56 11 19 11 47 54 54 38 20 38 13 12 13 59 47 47 36 24 24 44 56 44 44 42 44 17 5 17 41 57 41 27 31 31 49 41 41 38 30 38 47 53 47 33 28 28 37 29 37 80 80 304
